        0.00        0.00    198 M001       23.12651   121.37915
        0.00        0.00    048 M002       23.12053   121.39335
        0.00        0.00    292 M003       23.17794   121.22796
        0.00        0.00    259 M004       23.17273   121.24832
        0.00        0.00    276 M005       23.17045   121.27106
        0.00        0.00    482 M006       23.15304   121.28446
        0.00        0.00    012 M007       23.17811   121.40100
        0.00        0.00    014 M008       23.33385   121.46612
        0.00        0.00    687 M009       23.13757   121.34772
        0.00        0.00    324 M010       23.13659   121.35937
        0.00        0.00    362 M011       23.20985   121.22473
        0.00        0.00    333 M012       23.21878   121.23641
        0.00        0.00    277 M013       23.21440   121.24565
        0.00        0.00    223 M014       23.21980   121.26453
        0.00        0.00    267 M015       23.21438   121.28994
        0.00        0.00    821 M016       23.22058   121.31241
        0.00        0.00    594 M017       23.20757   121.32679
        0.00        0.00    238 M018       23.25068   121.32935
        0.00        0.00    312 M019       23.20172   121.37587
        0.00        0.00    126 M020       23.18590   121.38592
        0.00        0.00    292 M021       23.27630   121.22461
        0.00        0.00    255 M022       23.27441   121.24936
        0.00        0.00    200 M023       23.27843   121.27201
        0.00        0.00    180 M025       23.26476   121.30257
        0.00        0.00    251 M026       23.26543   121.32776
        0.00        0.00    403 M027       23.26428   121.35249
        0.00        0.00    550 M028       23.28230   121.37138
        0.00        0.00    229 M029       23.25287   121.38639
        0.00        0.00    047 M030       23.24335   121.41214
        0.00        0.00    234 M032       23.34946   121.28452
        0.00        0.00    184 M033       23.34094   121.30043
        0.00        0.00    134 M034       23.32908   121.31943
        0.00        0.00    176 M036       23.31666   121.35509
        0.00        0.00    256 M037       23.31929   121.37251
        0.00        0.00    163 M038       23.28816   121.33964
        0.00        0.00    240 M039       23.29412   121.41022
        0.00        0.00    016 M040       23.28496   121.42865
        0.00        0.00    219 M041       23.30216   121.25833
        0.00        0.00    311 M042       23.39247   121.29726
        0.00        0.00    133 M043       23.39451   121.31294
        0.00        0.00    081 M044       23.38051   121.32877
        0.00        0.00    739 M046       23.35485   121.36993
        0.00        0.00    735 M047       23.38733   121.38113
        0.00        0.00    450 M048       23.38664   121.42500
        0.00        0.00    367 M049       23.34678   121.43533
        0.00        0.00    100 M050       23.33832   121.44507
        0.00        0.00    235 M051       23.45877   121.35187
        0.00        0.00    148 M052       23.43348   121.31636
        0.00        0.00    218 M053       23.43863   121.33808
        0.00        0.00    095 M054       23.43101   121.34843
        0.00        0.00    122 M055       23.42980   121.37298
        0.00        0.00    211 M056       23.42241   121.39276
        0.00        0.00    824 M057       23.40131   121.39433
        0.00        0.00    260 M058       23.41052   121.43273
        0.00        0.00    109 M059       23.40624   121.45304
        0.00        0.00    052 M060       23.39050   121.47163
        0.00        0.00    445 M061       23.49667   121.32294
        0.00        0.00    161 M062       23.49382   121.34526
        0.00        0.00    141 M063       23.48746   121.35875
        0.00        0.00    192 M064       23.48034   121.37737
        0.00        0.00    109 M065       23.47453   121.39924
        0.00        0.00    162 M066       23.46274   121.41406
        0.00        0.00    249 M067       23.45378   121.42542
        0.00        0.00    029 M068       23.52599   121.50293
        0.00        0.00    076 M069       23.44814   121.48403
        0.00        0.00    052 M070       23.44308   121.49104
        0.00        0.00    801 M071       23.54578   121.34306
        0.00        0.00    455 M072       23.54523   121.36553
        0.00        0.00    108 M073       23.52595   121.37899
        0.00        0.00    144 M074       23.53051   121.39974
        0.00        0.00    209 M075       23.54148   121.41507
        0.00        0.00    193 M076       23.49694   121.41939
        0.00        0.00    079 M077       23.49480   121.44697
        0.00        0.00    089 M078       23.48981   121.46283
        0.00        0.00    043 M079       23.47233   121.47918
        0.00        0.00    038 M080       23.49038   121.50794
        0.00        0.00    245 M081       23.58907   121.35478
        0.00        0.00    295 M082       23.61440   121.36807
        0.00        0.00    184 M083       23.58784   121.38374
        0.00        0.00    179 M084       23.58580   121.40295
        0.00        0.00    196 M085       23.55324   121.39982
        0.00        0.00    117 M086       23.65885   121.45326
        0.00        0.00    099 M087       23.61103   121.49518
        0.00        0.00    089 M088       23.56803   121.48534
        0.00        0.00    055 M089       23.58749   121.50404
        0.00        0.00    019 M090       23.56148   121.51534
        0.00        0.00    120 M091       23.66060   121.42487
        0.00        0.00    256 M092       23.64033   121.38002
        0.00        0.00    161 M093       23.63144   121.40132
        0.00        0.00    135 M094       23.63767   121.42319
        0.00        0.00    158 M095       23.63148   121.44377
        0.00        0.00    237 M096       23.65082   121.47033
        0.00        0.00    297 M097       23.64485   121.48752
        0.00        0.00    096 M098       23.62525   121.49545
        0.00        0.00    051 M099       23.60864   121.50822
        0.00        0.00    028 M100       23.59820   121.51962
        0.00        0.00    151 M035       23.32100   121.34000
        0.00        0.00    136 M045       23.38300   121.35933

